79 14 49 31 -27 51 -4 -7 75 -16 39 30 31 52 -20 80 -43 14 68 68
-17 33 7 1 61 33 50 4 -34 16 28 -20 -18 82 15 54 71 16 -22 -21
43 66 -28 6 -16 63 -33 24 79 -25 63 21 55 19 -44 68 54 -1 43 26
82 82 52 36 6 13 -50 -37 49 84 22 39 -20 -16 36 49 8 0 -13 9
23 56 82 90 78 49 -48 83 6 -4 -7 49 36 -1 -35 -13 -29 -48 -3 -31
88 62 36 7 -43 -45 54 -19 47 10 77 63 19 78 45 53 -29 43 -13 -13
69 66 21 42 80 24 -26 40 20 -28 -22 -34 64 59 44 19 60 52 -44 52
82 21 -36 9 71 40 30 -21 -50 -28 79 -3 -21 -22 -41 66 -12 -43 10 54
57 51 10 -42 76 28 11 -27 -5 -37 -37 -3 24 4 27 26 49 2 -29 -13
-16 62 73 43 -32 8 70 12 -33 35 40 5 -7 34 4 -11 -23 62 63 53
63 5 -47 54 -34 77 7 72 -48 -18 -24 12 20 11 14 79 -25 46 87 39
66 -16 43 -30 -18 -20 -29 -4 -41 86 82 64 18 -50 -22 63 -31 72 50 -45
5 -29 21 -39 -24 43 -40 84 56 7 6 -42 48 50 75 61 15 -3 61 46
61 -3 17 11 26 81 -39 70 40 -28 -2 64 48 18 -47 27 69 70 -40 7
21 42 90 75 59 4 76 -22 -47 -37 72 -45 62 78 30 -27 16 52 38 5
52 72 -22 53 38 86 -27 -11 -14 38 40 3 73 20 41 -44 21 70 6 16
-14 -32 -30 -29 67 -12 79 -7 44 44 -21 47 -3 -18 74 51 67 20 67 -36
41 39 -4 -25 51 57 8 5 -3 31 52 75 75 -11 19 -28 6 32 -49 35
39 -16 42 86 43 -38 31 64 22 -9 -43 -39 -23 70 -16 66 1 -8 -8 25
-19 16 19 -3 -20 90 -8 39 -1 -45 -15 70 10 2 87 -27 60 46 45 14
54 22 18 -27 -36 12 89 12 -44 26 -35 -12 32 31 19 2 2 36 22 50
-49 -13 -5 -38 62 61 55 57 10 -50 -39 80 -12 47 35 62 22 64 25 90
84 17 8 -1 8 63 -1 -5 30 87 43 48 7 43 14 -32 -45 27 47 84
-20 69 -34 -11 6 -41 76 81 -30 -36 -44 -4 60 30 22 60 75 -4 -33 85
-17 6 69 54 -21 77 -12 52 -8 -39 57 74 0 72 2 41 82 69 32 -20
55 5 -21 13 90 -47 60 0 80 -50 -11 86 75 36 5 25 1 -4 71 -48
-13 59 76 61 31 -35 19 64 86 3 1 72 -22 -49 70 24 47 74 -28 20
-9 86 -16 71 -21 -19 -18 -2 11 22 -24 56 -11 70 -33 31 78 -23 66 -41
41 -29 36 -48 -44 -40 -29 7 -33 41 79 10 89 -22 -18 38 4 73 22 29
36 -16 -28 68 -49 18 27 -32 -26 -8 90 -21 -28 23 11 19 13 43 -47 -22
29 63 61 58 52 9 -50 4 67 6 62 -43 -11 89 26 7 68 52 57 -43
72 -36 8 90 -6 68 7 77 -7 -36 -2 77 -47 -17 52 -38 64 -6 -43 -42
2 -9 -12 40 13 -45 41 73 -26 -4 22 -25 51 39 23 42 14 88 -2 67
88 -21 25 51 3 -26 -1 23 65 44 5 32 63 -12 72 -28 59 -44 60 -4
89 12 21 -21 -20 48 87 85 -26 -22 65 63 -10 45 72 16 38 50 -27 79
-47 25 9 47 -31 64 87 19 19 -37 11 47 21 -47 22 6 73 -27 -1 -39
73 -47 -45 40 -44 29 75 30 71 84 26 -39 45 1 50 -45 -14 40 44 57
-44 70 22 -46 43 13 54 18 27 -34 -21 13 81 29 83 16 -31 -1 43 55
71 -12 4 68 -39 66 22 84 24 9 -17 48 15 63 52 -16 0 63 7 12
-15 84 66 11 25 -32 62 42 -20 40 61 10 -8 60 -44 -39 -44 67 68 60
42 76 -32 25 62 -11 76 -6 83 1 -6 29 -48 43 78 7 -21 78 12 51
-19 -23 70 33 8 -41 -1 31 -28 85 90 62 19 61 -42 -9 -20 6 21 20
-5 52 -37 -45 87 73 0 -25 42 51 -40 79 42 -4 55 34 -15 33 -11 -11
-37 73 4 73 75 38 28 13 22 -10 -47 54 -4 23 45 88 11 -50 16 -43
57 79 -20 37 -41 84 21 44 79 -39 -4 -43 72 8 -29 -50 84 0 55 -7
47 -30 66 -11 18 62 -46 -44 79 56 30 -27 65 10 -22 13 1 40 39 -40
6 11 77 59 -26 79 -6 -19 60 4 13 5 -15 87 -37 -29 -20 -21 -6 -19
16 34 -33 87 21 -26 -25 -37 31 27 62 32 -12 67 74 53 -15 -49 -15 31
-36 -21 5 69 -1 81 38 -9 37 15 62 61 -26 -17 71 56 -31 53 49 47
19 20 83 52 -13 64 8 1 82 85 -33 86 47 21 -28 29 78 28 -24 48
47 49 -28 -39 57 47 35 -18 3 41 77 13 77 78 -21 43 59 67 19 51
88 59 38 22 -5 11 23 19 9 68 69 5 74 -34 39 19 64 18 83 27
-42 25 30 1 13 69 53 3 84 78 -32 49 64 -26 2 72 -34 31 40 67
34 -31 53 78 3 -40 -42 -15 69 -8 -3 50 70 37 22 85 71 87 -34 65
-34 -13 11 80 61 0 36 75 28 -37 28 55 -12 56 -20 -12 -11 4 19 -10
11 84 79 43 25 -4 81 7 -20 2 61 12 -43 38 88 19 37 19 -46 84
-32 -38 60 57 81 84 -49 -33 3 31 57 7 75 44 74 81 68 67 -15 45
30 56 16 37 90 57 65 -30 26 71 14 83 4 33 44 40 -37 -43 89 36
-13 1 -48 -31 62 78 83 -30 -26 7 13 44 33 88 65 -9 13 77 -39 44
-22 -31 -23 33 20 46 77 -4 14 -35 28 -28 33 17 77 17 -29 29 -35 31
-36 30 54 68 22 2 27 47 25 -30 -36 14 70 46 -40 11 1 3 -24 -46
-31 -47 -25 -8 -7 74 -10 52 -15 -4 25 -18 -7 -7 75 83 31 11 53 -22
61 83 -46 43 36 15 61 6 57 60 76 -43 -25 -45 -25 53 83 87 20 89
86 69 23 80 -34 33 40 -37 -37 77 89 63 63 -13 -45 -41 74 27 16 69
-13 -34 -25 1 64 -3 -34 13 63 26 85 -22 -10 83 -49 58 14 47 -8 62
-44 89 58 39 6 69 68 34 15 84 22 -9 6 56 -27 42 40 47 -37 -7
-27 35 -37 54 58 53 19 -18 35 -1 31 -50 59 34 -9 46 -15 -11 23 56
-29 49 87 -15 0 10 -38 -21 -43 -9 54 64 -7 -17 46 34 82 37 63 74
80 61 84 30 51 28 82 30 -49 28 -35 89 27 46 -44 88 18 72 27 89
19 75 -46 -8 23 46 58 64 -16 49 13 56 -28 68 23 -21 57 -26 35 30
29 0 -15 90 82 81 53 41 -44 -41 -13 -40 -2 59 -7 6 -22 -17 12 22
-40 -46 71 63 74 21 38 79 36 77 -7 -29 -36 7 -14 -31 -45 -23 34 80
69 24 9 -21 -18 -15 12 -7 12 16 24 7 64 49 -43 42 8 -43 79 -18
65 9 46 26 -20 -23 -20 9 -8 33 69 30 46 49 59 38 -39 41 76 46
83 75 18 70 59 -4 84 -33 23 36 -34 83 71 -16 -29 84 4 -18 74 13
-13 43 65 69 50 -18 -18 -45 80 -21 18 26 45 -17 4 23 -45 -37 -4 -36
87 -38 -18 71 47 -5 39 -5 -31 35 88 -34 73 -33 65 -32 75 29 13 -40
-37 47 -19 -30 27 27 -3 73 -22 83 -6 -36 58 2 -35 39 -41 84 -47 -47
51 4 -15 -8 15 8 60 40 69 76 -39 -33 51 55 -15 88 -20 75 56 -32
9 15 -29 -37 15 -24 -28 86 -42 85 36 -19 0 -40 -14 -3 14 7 -33 59
-48 -1 8 -20 -50 83 38 59 9 -20 -18 45 87 16 13 -13 -1 -35 -39 -7
-19 8 -19 -10 -40 -23 40 29 82 79 58 -46 59 49 -40 -5 70 -8 -30 75
-7 -50 10 89 53 7 -48 -19 80 66 -31 33 4 61 40 75 29 70 -30 40
-18 72 46 78 81 80 21 -17 -43 50 8 -36 -35 58 1 61 49 86 21 78
67 76 23 -16 34 21 22 -6 23 -15 64 -42 67 61 2 60 -44 53 -50 86
64 89 -2 49 44 -47 26 -29 -46 -29 -25 81 -31 62 37 43 59 69 60 16
12 -29 -40 41 24 6 59 17 62 -47 53 -37 -24 5 27 23 -42 83 -40 90
31 17 70 15 41 66 34 -19 59 81 57 -49 0 -31 -29 -47 15 -41 -23 61
-50 -9 -47 38 11 27 -7 84 30 26 -7 26 -45 -46 90 86 11 17 64 -6
-44 17 -44 9 79 31 2 -29 28 -38 -30 33 17 86 34 61 39 -48 51 -44
-3 89 -3 64 68 89 52 -4 54 39 64 -7 4 80 -46 -19 46 20 33 -38
70 -40 22 -9 -26 26 52 18 -27 -31 74 -31 41 62 11 -9 0 25 67 47
-18 -5 22 -30 -28 87 -11 22 -35 -7 -15 37 72 61 -2 -18 -3 44 -39 27
5 31 -31 74 11 5 21 -23 71 63 22 74 -44 70 90 82 -36 -17 28 -24
-46 32 1 48 6 53 -15 85 -47 38 -26 74 11 -30 35 -15 -32 -33 60 81
-46 56 6 -16 -13 80 5 74 -50 -11 34 -21 43 42 85 -2 -37 56 78 29
-8 -13 53 35 -30 -16 -9 51 45 34 -26 -16 0 88 32 26 78 2 36 26
51 86 -47 6 0 88 49 85 57 1 -48 38 -22 -34 29 -13 44 52 56 -38
62 38 68 33 -49 -33 21 -25 32 8 26 58 -23 -47 16 90 83 -47 84 69
89 57 -39 -32 49 49 8 5 86 -47 70 15 3 69 69 35 71 -49 68 10
79 49 51 75 52 80 68 68
61 50 82 54 71
43 66 63 79 63 55 68 54 43
82 82 52 49 84 49
56 82 90 78 49 83 49
88 62 54 47 77 63 78 45 53 43
69 66 42 80 64 59 44 60 52 52
82 71 79 66 54
57 51 76 49
62 73 43 70 62 63 53
63 54 77 72 79 46 87
66 43 86 82 64 63 72 50
43 84 56 48 50 75 61 61 46
61 81 70 64 48 69 70
42 90 75 59 76 72 62 78 52
52 72 53 86 73 41 70
67 79 44 44 47 74 51 67 67
41 51 57 52 75 75
42 86 43 64 70 66
90 70 87 60 46 45
54 89 50
62 61 55 57 80 47 62 64 90
84 63 87 43 48 43 47 84
69 76 81 60 60 75 85
69 54 77 52 57 74 72 41 82 69
55 90 60 80 86 75 71
59 76 61 64 86 72 70 47 74
86 71 56 70 78 66
41 41 79 89 73
68 90 43
63 61 58 52 67 62 89 68 52 57
72 90 68 77 77 52 64
41 73 51 42 88 67
88 51 65 44 63 72 59 60
89 48 87 85 65 63 45 72 50 79
47 64 87 47 73
73 75 71 84 45 50 44 57
70 43 54 81 83 43 55
71 68 66 84 48 63 52 63
84 66 62 42 61 60 67 68 60
42 76 62 76 83 43 78 78 51
70 85 90 62 61
52 87 73 42 51 79 42 55
73 73 75 54 45 88
57 79 84 44 79 72 84 55
47 66 62 79 56 65
77 59 79 60 87
87 62 67 74 53
69 81 62 61 71 56 53 49 47
83 52 64 82 85 86 47 78 48
47 49 57 47 41 77 77 78 43 59 67 51
88 59 68 69 74 64 83
69 53 84 78 49 64 72 67
53 78 69 50 70 85 71 87 65
80 61 75 55 56
84 79 43 81 61 88 84
60 57 81 84 57 75 44 74 81 68 67 45
56 90 57 65 71 83 44 89
62 78 83 44 88 65 77 44
46 77 77
54 68 47 70 46
74 52 75 83 53
61 83 43 61 57 60 76 53 83 87 89
86 69 80 77 89 63 63 74 69
64 63 85 83 58 47 62
89 58 69 68 84 56 42 47
54 58 53 59 46 56
49 87 54 64 46 82 63 74
80 61 84 51 82 89 46 88 72 89
75 46 58 64 49 56 68 57
90 82 81 53 41 59
71 63 74 79 77 80
69 64 49 42 79
65 46 69 46 49 59 41 76 46
83 75 70 59 84 83 71 84 74
43 65 69 50 80 45
87 71 47 88 73 65 75
47 73 83 58 84
51 60 69 76 51 55 88 75 56
86 85 59
83 59 45 87
82 79 58 59 49 70 75
89 53 80 66 61 75 70
72 46 78 81 80 50 58 61 49 86 78
67 76 64 67 61 60 53 86
64 89 49 44 81 62 43 59 69 60
41 59 62 53 83 90
70 41 66 59 81 57 61
84 90 86 64
79 86 61 51
89 64 68 89 52 54 64 80 46
70 52 74 41 62 67 47
87 72 61 44
74 71 63 74 70 90 82
48 53 85 74 60 81
56 80 74 43 42 85 56 78
53 51 45 88 78
51 86 88 49 85 57 44 52 56
62 68 58 90 83 84 69
89 57 49 49 86 70 69 69 71 68
